%% Constantes sistema mecánico
M2 = 250;
M1 = 40;
K2 = 28000;
K1 = 125000;
B2 = 2000;
B1 = 100;
%% Constantes sistema eléctrico
eta = 0.92;
J = 0.15e-6;
k = 0.456;
io = 0;
r = 0.4;
L = 20e-3;
